1 1 0
0.99971 0.701101 0.01
0.999275 0.600604 0.02
0.997679 0.535946 0.03
0.996663 0.486291 0.04
0.994922 0.445704 0.05
0.994197 0.410406 0.06
0.993472 0.381908 0.07
0.992166 0.357837 0.08
0.990425 0.33614 0.09
0.989264 0.317465 0.1
0.987669 0.301058 0.11
0.986073 0.285514 0.12
0.984477 0.269754 0.13
0.982011 0.259391 0.14
0.980705 0.247949 0.15
Other Cut 
0.914457 0.109504 0.854
0.913725 0.107438 0.855
0.912846 0.105372 0.856
0.911967 0.105372 0.857
0.911528 0.105372 0.858
0.911088 0.105372 0.859
0.910502 0.105372 0.86
0.909917 0.105372 0.861
0.909331 0.105372 0.862
0.908452 0.104339 0.863
0.907719 0.103306 0.864
0.906548 0.102273 0.865
0.906108 0.10124 0.866
0.905962 0.10124 0.867
0.905522 0.0991736 0.868
0.904936 0.0981405 0.869
0.904057 0.0971074 0.87
0.903764 0.0971074 0.871
0.9023 0.0971074 0.872
0.901567 0.0971074 0.873
0.899663 0.0950413 0.874
0.899077 0.0950413 0.875
0.898198 0.0950413 0.876
0.897759 0.0940083 0.877
0.896587 0.0940083 0.878
0.895562 0.0929752 0.879
0.895415 0.0929752 0.88
0.894683 0.0919421 0.881
0.893658 0.0909091 0.882
0.416142 0.0103306 0.988
0.388897 0.00929752 0.989
0.360188 0.00929752 0.99
0.326791 0.00826446 0.991
