1 1 0
0.99766 0.459561 0.01
0.995247 0.359787 0.02
0.992176 0.300476 0.03
0.988886 0.261841 0.04
0.98501 0.233207 0.05
0.981793 0.208876 0.06
Other Cut 
0.974088 0.108829 0.052
0.973867 0.107411 0.053
0.973719 0.106363 0.054
0.97335 0.10512 0.055
0.972907 0.103701 0.056
0.972833 0.102457 0.057
0.972686 0.101322 0.058
0.972243 0.100253 0.059
0.971947 0.0992057 0.06
0.971726 0.09842 0.061
0.971505 0.0973289 0.062
0.971209 0.0962596 0.063
0.971135 0.0954522 0.064
0.970988 0.0946229 0.065
0.970914 0.09375 0.066
0.970692 0.0929426 0.067
0.970471 0.0921133 0.068
0.97025 0.0913713 0.069
0.969954 0.0906948 0.07
0.873173 0.0119588 0.663
0.872878 0.011937 0.664
0.872582 0.011806 0.665
0.872435 0.0117406 0.666
0.871992 0.0117406 0.667
0.87177 0.0117188 0.668
0.871327 0.0116751 0.669
0.870884 0.0116315 0.67
0.870663 0.0116315 0.671
0.870146 0.0116315 0.672
0.869777 0.0115878 0.673
0.869629 0.0114787 0.674
0.869334 0.0114351 0.675
0.868965 0.0113914 0.676
0.868596 0.0113478 0.677
0.868374 0.0113478 0.678
0.867784 0.0113478 0.679
0.867489 0.0113478 0.68
0.867415 0.0113259 0.681
0.867046 0.0113259 0.682
0.866824 0.0113041 0.683
0.866012 0.0112387 0.684
0.865569 0.0111732 0.685
0.865126 0.0111732 0.686
0.864609 0.0111077 0.687
0.864314 0.0110641 0.688
0.864019 0.0110422 0.689
0.863797 0.0110422 0.69
0.863576 0.0109986 0.691
0.863355 0.0109768 0.692
0.862985 0.0109113 0.693
0.862764 0.0108677 0.694
0.862321 0.0108677 0.695
0.8621 0.0108677 0.696
0.861878 0.0107804 0.697
0.861435 0.0107367 0.698
0.860918 0.0106713 0.699
0.860697 0.0106494 0.7
0.860475 0.0106276 0.701
0.860254 0.010584 0.702
0.859737 0.010584 0.703
0.85922 0.0105185 0.704
0.85922 0.0104967 0.705
0.858851 0.0104312 0.706
0.858556 0.0103876 0.707
0.858187 0.0103657 0.708
0.857744 0.0103003 0.709
0.857449 0.0102785 0.71
0.857153 0.0102785 0.711
0.856932 0.010213 0.712
0.856563 0.0101693 0.713
0.856194 0.0101475 0.714
0.855972 0.0101039 0.715
0.855677 0.0100821 0.716
0.85516 0.0100166 0.717
0.854939 0.00997294 0.718
0.854496 0.00995112 0.719
0.853979 0.00992929 0.72
0.853831 0.00990747 0.721
0.853462 0.009842 0.722
0.853019 0.00982018 0.723
0.852946 0.00971107 0.724
0.852355 0.00971107 0.725
0.851986 0.00962378 0.726
0.851469 0.00962378 0.727
0.850952 0.00960196 0.728
0.850731 0.00960196 0.729
0.850362 0.00958013 0.73
0.849993 0.00955831 0.731
0.849254 0.00949284 0.732
0.849033 0.00940555 0.733
0.848369 0.00936191 0.734
0.848073 0.00929644 0.735
0.847926 0.00925279 0.736
0.847483 0.00925279 0.737
0.84704 0.00923097 0.738
0.846671 0.0091655 0.739
0.846301 0.00912186 0.74
0.846006 0.00910003 0.741
0.845637 0.00907821 0.742
0.845268 0.00905639 0.743
0.84512 0.00899092 0.744
0.844825 0.00894728 0.745
0.844308 0.00888181 0.746
0.84357 0.00888181 0.747
0.843201 0.00888181 0.748
0.842684 0.00885999 0.749
0.842315 0.00879452 0.75
0.841872 0.00875087 0.751
0.841355 0.00870723 0.752
0.84047 0.00868541 0.753
0.840248 0.00866358 0.754
0.839805 0.00861994 0.755
0.839067 0.00857629 0.756
0.838919 0.00853265 0.757
0.83855 0.00851082 0.758
0.83796 0.008489 0.759
0.837443 0.00844536 0.76
0.837074 0.00844536 0.761
0.836483 0.00835807 0.762
0.835966 0.00831442 0.763
0.835228 0.00831442 0.764
0.83449 0.0082926 0.765
0.833899 0.0082926 0.766
0.833309 0.00827077 0.767
0.833013 0.00816166 0.768
0.832718 0.00813984 0.769
0.83198 0.00809619 0.77
