1 1 0
0.999058 0.372859 0.01
0.998228 0.294101 0.02
0.996972 0.253363 0.03
0.99592 0.226459 0.04
0.994757 0.207749 0.05
0.993741 0.19343 0.06
0.99291 0.181573 0.07
0.991803 0.17167 0.08
0.990898 0.163029 0.09
0.989827 0.155614 0.1
0.988775 0.149093 0.11
0.987907 0.142456 0.12
0.986744 0.136304 0.13
0.985729 0.131276 0.14
0.984362 0.126605 0.15
0.983218 0.121679 0.16
0.981999 0.117518 0.17
0.98115 0.113434 0.18
Other Cut 
0.873414 0.109721 0.614
0.873023 0.109498 0.615
0.872762 0.109107 0.616
0.872277 0.108828 0.617
0.871923 0.108633 0.618
0.871569 0.10827 0.619
0.871346 0.107962 0.62
0.871066 0.107767 0.621
0.870675 0.107544 0.622
0.870396 0.107237 0.623
0.870004 0.106902 0.624
0.869799 0.106594 0.625
0.869352 0.106343 0.626
0.868924 0.10612 0.627
0.868551 0.106008 0.628
0.868085 0.105757 0.629
0.867731 0.10545 0.63
0.867433 0.105282 0.631
0.867209 0.104975 0.632
0.866874 0.104808 0.633
0.86652 0.10464 0.634
0.866129 0.104473 0.635
0.865887 0.104054 0.636
0.865533 0.103775 0.637
0.865197 0.103495 0.638
0.864806 0.103105 0.639
0.864489 0.102825 0.64
0.864061 0.102574 0.641
0.863669 0.102239 0.642
0.863371 0.1021 0.643
0.86298 0.101625 0.644
0.862589 0.10115 0.645
0.862179 0.100676 0.646
0.861862 0.100452 0.647
0.861545 0.100006 0.648
0.861042 0.0997264 0.649
0.860726 0.0995868 0.65
0.860316 0.0993914 0.651
0.860055 0.0990843 0.652
0.859813 0.0988609 0.653
0.859533 0.0986655 0.654
0.859123 0.0984142 0.655
0.858713 0.098135 0.656
0.858229 0.0978279 0.657
0.8578 0.0975766 0.658
0.857484 0.0973254 0.659
0.856981 0.0969345 0.66
0.856627 0.0966553 0.661
0.856235 0.0964878 0.662
0.855788 0.0962086 0.663
0.855415 0.0960969 0.664
0.855006 0.0957898 0.665
0.854707 0.0954827 0.666
0.854391 0.0950639 0.667
0.853943 0.0948127 0.668
0.853627 0.0943101 0.669
0.853329 0.0940309 0.67
0.853068 0.0938076 0.671
0.852602 0.0934726 0.672
0.852173 0.0931096 0.673
0.851782 0.0928304 0.674
0.851521 0.0925233 0.675
0.850925 0.0923 0.676
0.850403 0.0920208 0.677
0.850087 0.0916857 0.678
0.84949 0.0914624 0.679
0.849081 0.091239 0.68
0.848652 0.0909878 0.681
0.848093 0.0907365 0.682
0.847627 0.0904015 0.683
0.847348 0.090206 0.684
0.452572 0.0119772 0.958
0.446125 0.0117259 0.959
0.439586 0.0113909 0.96
0.432375 0.0111397 0.961
0.425649 0.0107209 0.962
0.418159 0.0101904 0.963
0.410557 0.0098833 0.964
0.402862 0.00940868 0.965
0.394198 0.00904573 0.966
0.385869 0.00868279 0.967
0.376516 0.00831984 0.968
