1 1 0
0.99959 0.500028 0.01
0.999139 0.413066 0.02
0.998648 0.363091 0.03
0.998197 0.329737 0.04
0.997664 0.302934 0.05
0.997213 0.282349 0.06
0.996599 0.264131 0.07
0.995943 0.248115 0.08
0.995246 0.235181 0.09
0.994837 0.223513 0.1
0.994058 0.21289 0.11
0.993566 0.203644 0.12
0.99287 0.195498 0.13
0.992132 0.187737 0.14
0.991517 0.181518 0.15
0.991108 0.174308 0.16
0.990534 0.166988 0.17
0.989632 0.161484 0.18
0.988813 0.15554 0.19
Other Cut 
0.854625 0.109541 0.892
0.853425 0.108783 0.893
0.851936 0.107521 0.894
0.850323 0.106007 0.895
0.84904 0.105755 0.896
0.84751 0.104997 0.897
0.846144 0.104745 0.898
0.844696 0.104493 0.899
0.843166 0.103735 0.9
0.841718 0.102978 0.901
0.840518 0.102473 0.902
0.83907 0.100959 0.903
0.837539 0.0991923 0.904
0.836215 0.0986875 0.905
0.835098 0.0984351 0.906
0.834188 0.0969207 0.907
0.832823 0.095154 0.908
0.830879 0.093892 0.909
0.829224 0.09263 0.91
0.827486 0.0923776 0.911
0.825749 0.091368 0.912
0.824177 0.0908632 0.913
0.822605 0.0906108 0.914
0.820908 0.0903584 0.915
0.348502 0.0103483 0.985
0.317806 0.00858152 0.986
