1 1 0
0.999066 0.418554 0.01
0.997548 0.331493 0.02
0.996029 0.282981 0.03
0.994278 0.24738 0.04
0.992993 0.224411 0.05
0.991358 0.206166 0.06
0.988789 0.191289 0.07
0.986687 0.177395 0.08
0.985636 0.166308 0.09
0.9833 0.156531 0.1
0.981198 0.147829 0.11
Other Cut 
0.961244 0.109659 0.661
0.961126 0.109091 0.662
0.961126 0.109091 0.663
0.960891 0.109091 0.664
0.960891 0.107955 0.665
0.960773 0.107955 0.666
0.960537 0.107955 0.667
0.960537 0.107955 0.668
0.960537 0.107955 0.669
0.960066 0.107386 0.67
0.960066 0.10625 0.671
0.95983 0.105682 0.672
0.95983 0.105682 0.673
0.95983 0.105682 0.674
0.95983 0.105114 0.675
0.959595 0.104545 0.676
0.959595 0.103977 0.677
0.959359 0.103409 0.678
0.959359 0.102273 0.679
0.959241 0.101705 0.68
0.95877 0.101705 0.681
0.958652 0.101136 0.682
0.958417 0.101136 0.683
0.958181 0.101136 0.684
0.958181 0.101136 0.685
0.958063 0.101136 0.686
0.957946 0.101136 0.687
0.957946 0.1 0.688
0.957828 0.0994318 0.689
0.957357 0.0988636 0.69
0.957239 0.0982955 0.691
0.956885 0.0977273 0.692
0.956768 0.0977273 0.693
0.956768 0.0977273 0.694
0.956768 0.0977273 0.695
0.956768 0.0977273 0.696
0.95665 0.0977273 0.697
0.956532 0.0971591 0.698
0.956532 0.0971591 0.699
0.956414 0.0971591 0.7
0.956179 0.0971591 0.701
0.955825 0.0971591 0.702
0.955825 0.0971591 0.703
0.955472 0.0971591 0.704
0.955354 0.0971591 0.705
0.955354 0.0965909 0.706
0.955118 0.0965909 0.707
0.954765 0.0960227 0.708
0.954647 0.0960227 0.709
0.954412 0.0960227 0.71
0.954294 0.0960227 0.711
0.954294 0.0960227 0.712
0.954176 0.0960227 0.713
0.954058 0.0954545 0.714
0.95394 0.0954545 0.715
0.953705 0.0948864 0.716
0.953351 0.0948864 0.717
0.953351 0.0948864 0.718
0.953234 0.0943182 0.719
0.952998 0.0943182 0.72
0.95288 0.09375 0.721
0.952762 0.0931818 0.722
0.952645 0.0931818 0.723
0.952409 0.0926136 0.724
0.952409 0.0920455 0.725
0.952056 0.0920455 0.726
0.952056 0.0920455 0.727
0.951702 0.0914773 0.728
0.951467 0.0909091 0.729
0.951467 0.0909091 0.73
0.951467 0.0903409 0.731
0.653434 0.0119318 0.985
0.64024 0.0113636 0.986
0.626458 0.0107955 0.987
0.613382 0.0107955 0.988
0.597008 0.0107955 0.989
0.580869 0.0102273 0.99
