1 1 0
0.998714 0.372516 0.01
0.996914 0.286916 0.02
0.995049 0.243296 0.03
0.992735 0.214209 0.04
0.99042 0.192218 0.05
0.98772 0.174499 0.06
0.98547 0.159775 0.07
0.981805 0.147015 0.08
Other Cut 
0.960208 0.10946 0.145
0.960078 0.108691 0.146
0.959948 0.107885 0.147
0.959753 0.107232 0.148
0.959364 0.106694 0.149
0.958974 0.105926 0.15
0.95878 0.10512 0.151
0.95865 0.104505 0.152
0.958455 0.103929 0.153
0.958325 0.103084 0.154
0.958195 0.102124 0.155
0.957611 0.101317 0.156
0.957416 0.100242 0.157
0.957157 0.0996275 0.158
0.957027 0.0988977 0.159
0.956767 0.09836 0.16
0.956573 0.0981296 0.161
0.956443 0.0974767 0.162
0.956313 0.096939 0.163
0.956118 0.0962861 0.164
0.955794 0.0957868 0.165
0.955664 0.0951723 0.166
0.955469 0.0944809 0.167
0.955274 0.0937896 0.168
0.955079 0.0929831 0.169
0.955015 0.0923301 0.17
0.954755 0.0919077 0.171
0.95469 0.0914084 0.172
0.95456 0.0907555 0.173
0.954301 0.0900257 0.174
0.843557 0.0119829 0.762
0.843168 0.0119445 0.763
0.842778 0.0119445 0.764
0.842649 0.0119445 0.765
0.842259 0.0119445 0.766
0.842064 0.0119061 0.767
0.841934 0.0118677 0.768
0.841675 0.0118293 0.769
0.84148 0.0117141 0.77
0.841026 0.0116373 0.771
0.840636 0.0115989 0.772
0.840312 0.0115221 0.773
0.839922 0.0114453 0.774
0.839403 0.0114068 0.775
0.839208 0.0113684 0.776
0.838624 0.01133 0.777
0.838299 0.01133 0.778
0.837715 0.0112916 0.779
0.837326 0.0112148 0.78
0.836806 0.0112148 0.781
0.836676 0.0111764 0.782
0.836287 0.0111764 0.783
0.835703 0.011138 0.784
0.835573 0.0110996 0.785
0.835183 0.0110228 0.786
0.834859 0.0110228 0.787
0.834469 0.0109844 0.788
0.83408 0.0109844 0.789
0.833755 0.0108691 0.79
0.833236 0.0108307 0.791
0.832976 0.0108307 0.792
0.832457 0.0108307 0.793
0.832003 0.0107923 0.794
0.831808 0.0107539 0.795
0.831353 0.0107155 0.796
0.830834 0.0106771 0.797
0.830704 0.0106771 0.798
0.83038 0.0106387 0.799
0.829925 0.0104467 0.8
0.829666 0.0103699 0.801
0.829211 0.0103315 0.802
0.828757 0.010293 0.803
0.828562 0.0102162 0.804
0.828108 0.0101778 0.805
0.827718 0.0101394 0.806
0.827394 0.0100626 0.807
0.827004 0.0100242 0.808
0.826615 0.00998579 0.809
0.82616 0.00994738 0.81
0.825641 0.00983216 0.811
0.825057 0.00967853 0.812
0.824278 0.00967853 0.813
0.823953 0.00964013 0.814
0.823369 0.0094865 0.815
0.822785 0.00940969 0.816
0.822201 0.00940969 0.817
0.821811 0.00940969 0.818
0.821357 0.00937128 0.819
0.821227 0.00933287 0.82
0.820643 0.00933287 0.821
0.819993 0.00929447 0.822
0.819734 0.00917924 0.823
0.819409 0.00910243 0.824
0.818955 0.00902562 0.825
0.818306 0.00902562 0.826
0.817981 0.00898721 0.827
0.817332 0.0089488 0.828
0.816813 0.00879518 0.829
0.816229 0.00871836 0.83
0.815579 0.00860314 0.831
0.8148 0.00856473 0.832
0.814541 0.0083727 0.833
0.813892 0.00833429 0.834
0.813307 0.00829589 0.835
0.812853 0.00821907 0.836
0.812009 0.00814226 0.837
0.81162 0.00814226 0.838
0.810841 0.00806545 0.839
