1 1 0
0.99921 0.216626 0.01
0.998322 0.170916 0.02
0.997269 0.147548 0.03
0.9962 0.132405 0.04
0.995097 0.120707 0.05
0.994028 0.112264 0.06
0.992959 0.105023 0.07
0.99207 0.0990474 0.08
0.991017 0.0937045 0.09
0.989882 0.0890998 0.1
0.98878 0.0854301 0.11
0.987793 0.0819642 0.12
0.986756 0.0782945 0.13
0.985654 0.0750395 0.14
0.984766 0.0720588 0.15
0.983696 0.0692256 0.16
0.982611 0.0666878 0.17
0.981541 0.0643397 0.18
0.980274 0.0622939 0.19
Other Cut 
0.891115 0.109769 0.566
0.890916 0.109511 0.567
0.890717 0.1092 0.568
0.890385 0.108735 0.569
0.890169 0.108528 0.57
0.889804 0.108218 0.571
0.889638 0.107985 0.572
0.889405 0.107571 0.573
0.88919 0.107209 0.574
0.888858 0.10677 0.575
0.888559 0.106485 0.576
0.888243 0.106227 0.577
0.887895 0.105968 0.578
0.887662 0.105606 0.579
0.887413 0.105425 0.58
0.887114 0.105141 0.581
0.886782 0.104986 0.582
0.886567 0.104623 0.583
0.886218 0.104287 0.584
0.885936 0.104003 0.585
0.885654 0.103718 0.586
0.885371 0.103305 0.587
0.885172 0.103175 0.588
0.884907 0.102969 0.589
0.884724 0.102684 0.59
0.884458 0.102374 0.591
0.884176 0.102141 0.592
0.883944 0.101831 0.593
0.883695 0.101572 0.594
0.883545 0.101314 0.595
0.883246 0.101055 0.596
0.883114 0.100796 0.597
0.882782 0.100383 0.598
0.882383 0.100098 0.599
0.882101 0.0997621 0.6
0.881819 0.0995294 0.601
0.881553 0.0992191 0.602
0.881288 0.0989088 0.603
0.880922 0.0986502 0.604
0.880624 0.0983916 0.605
0.880374 0.0980813 0.606
0.880192 0.0979779 0.607
0.879926 0.0977969 0.608
0.879627 0.0973055 0.609
0.879395 0.097047 0.61
0.878947 0.0967108 0.611
0.878631 0.0964005 0.612
0.8782 0.0960126 0.613
0.877918 0.0956247 0.614
0.877436 0.0951851 0.615
0.877287 0.0950559 0.616
0.876988 0.094849 0.617
0.876805 0.0945645 0.618
0.876573 0.094306 0.619
0.876291 0.0939439 0.62
0.875942 0.0936595 0.621
0.87571 0.0932716 0.622
0.875444 0.0929872 0.623
0.875178 0.0925993 0.624
0.874913 0.0923924 0.625
0.874631 0.0922114 0.626
0.874415 0.0917977 0.627
0.874116 0.0914874 0.628
0.873817 0.0912547 0.629
0.873568 0.0911512 0.63
0.873352 0.0907633 0.631
0.873087 0.0903237 0.632
0.550765 0.0119725 0.959
0.546233 0.0116363 0.96
0.540954 0.0114553 0.961
0.535725 0.010964 0.962
0.529881 0.0105503 0.963
0.523723 0.0100848 0.964
0.51773 0.00995552 0.965
0.511172 0.00969694 0.966
0.504947 0.00936078 0.967
0.498307 0.00905048 0.968
0.491251 0.00855916 0.969
0.484063 0.00824886 0.97
