1 1 0
0.999649 0.399119 0.01
0.999415 0.327874 0.02
0.998908 0.287136 0.03
0.998401 0.260253 0.04
0.998011 0.241536 0.05
0.997309 0.224745 0.06
0.996802 0.21057 0.07
0.996061 0.198321 0.08
0.995438 0.188504 0.09
0.994931 0.178457 0.1
0.994385 0.170795 0.11
0.9938 0.163042 0.12
0.993215 0.15662 0.13
0.992591 0.150151 0.14
0.992045 0.144646 0.15
0.991421 0.13882 0.16
0.990641 0.134141 0.17
0.989471 0.129645 0.18
0.988886 0.124874 0.19
Other Cut 
0.899189 0.109198 0.862
0.89852 0.109198 0.863
0.898284 0.108941 0.864
0.89789 0.108171 0.865
0.89726 0.107657 0.866
0.896355 0.107657 0.867
0.895843 0.107657 0.868
0.895095 0.107143 0.869
0.89482 0.106629 0.87
0.894269 0.106372 0.871
0.893796 0.105858 0.872
0.893284 0.105087 0.873
0.892615 0.105087 0.874
0.891986 0.104317 0.875
0.891001 0.103803 0.876
0.889978 0.103032 0.877
0.889073 0.102261 0.878
0.888443 0.101747 0.879
0.887734 0.101233 0.88
0.887026 0.100976 0.881
0.885924 0.0999486 0.882
0.885294 0.0989209 0.883
0.884743 0.0989209 0.884
0.883877 0.098407 0.885
0.883247 0.0973792 0.886
0.882578 0.0968654 0.887
0.88183 0.0963515 0.888
0.881082 0.0958376 0.889
0.880334 0.0955807 0.89
0.879625 0.0953237 0.891
0.878799 0.0948099 0.892
0.878247 0.0937821 0.893
0.877224 0.0932682 0.894
0.876516 0.0930113 0.895
0.875256 0.0924974 0.896
0.874193 0.0919836 0.897
0.873091 0.0912127 0.898
0.87191 0.0912127 0.899
0.400213 0.0100206 0.99
0.365769 0.00899281 0.991
